p: (0.514496, 0.857493), 1
q: (0.83205, 0.5547), 1
